1,0,0,0,0,0,0,0,0,0,0,0,0,0,0,0,0,0,0,0,0,0,0,0,0,0,0,0,0,0,0,0,0,0,0,0,0,0,0,1,0.88571,0.37143,0.028571,0,0.42857,0,0.71429,0.14286,0.42857,0,0,0.88571,0.37143,0.028571,0,0,0,0,0,0,1,0.85714,0.28571,0,0,0.71429,0.14286,0,0.71429,0.97143,0.62857,0.11429
1,0,0,0,0,0,0,0,0,0,0,0,1,0,0,0,0,0,0,0,0,0,0,0,0,0,0,0,0,0,0,0,0,0,0,0,0,0,0,1,0.88571,0.37143,0.028571,0,0.42857,0,0.71429,0.14286,0.42857,0,0,0.88571,0.37143,0.028571,0,0,0,0,0,0,1,0.85714,0.28571,0,0,0.71429,0.14286,0,0.71429,0.97143,0.62857,0.11429
0,1,0,0,0,0,0,0,0,0,0,0,0,1,0,0,0,0,0,0,0,0,0,0,0,0,0,0,0,0,0,0,0,0,0,0,0,0,0,1,0.82143,0.28571,0.017857,0,0.375,0,0.64286,0.10714,0.64286,0.10714,0,0.82143,0.28571,0.017857,0,0,0,0,0,0,1,0.89286,0.35714,0,0,0.64286,0.10714,0,0.64286,0.92857,0.5,0.071429
0,2,0,0,0,0,0,0,0,0,0,0,0,0,1,0,0,0,0,0,0,0,0,0,0,0,0,0,0,0,0,0,0,0,0,0,0,0,0,1,0.7619,0.22619,0.011905,0,0.33333,0,0.58333,0.083333,0.58333,0.083333,0,0.7619,0.22619,0.011905,0,0,0,0,0,0,0.9881,0.77381,0.2381,0,0,0.7619,0.22619,0.011905,0.58333,0.95238,0.59524,0.11905
1,0,0,0,0,0,0,0,0,0,0,0,0,0,0,1,0,0,0,0,0,0,0,0,0,0,0,0,0,0,0,0,0,0,0,0,0,0,0,1,0.82143,0.28571,0.017857,0,0.375,0,0.64286,0.10714,0.64286,0.10714,0,0.82143,0.28571,0.017857,0,0,0,0,0,0,1,0.89286,0.35714,0,0,0.64286,0.10714,0,0.64286,0.92857,0.5,0.071429
1,0,0,0,0,0,0,0,0,0,0,0,0,0,0,0,1,0,0,0,0,0,0,0,0,0,0,0,0,0,0,0,0,0,0,0,0,0,0,1,0.70833,0.18333,0.0083333,0,0.3,0,0.83333,0.33333,0.53333,0.066667,0,0.70833,0.18333,0.0083333,0,0,0,0,0,0,0.99167,0.81667,0.29167,0,0,0.53333,0.066667,0,0.53333,0.83333,0.33333,0.033333
0,4,0,0,0,0,0,0,0,0,0,0,0,0,0,0,0,1,0,0,0,0,0,0,0,0,0,0,0,0,0,0,0,0,0,0,0,0,0,1,0.70833,0.18333,0.0083333,0,0.3,0,0.83333,0.33333,0.53333,0.066667,0,0.70833,0.18333,0.0083333,0,0,0,0,0,0,0.99167,0.81667,0.29167,0,0,0.53333,0.066667,0,0.53333,0.83333,0.33333,0.033333
0,1,0,0,0,0,0,0,0,0,0,0,0,0,0,0,0,0,1,0,0,0,0,0,0,0,0,0,0,0,0,0,0,0,0,0,0,0,0,1,0.70833,0.18333,0.0083333,0,0.3,0,0.83333,0.33333,0.53333,0.066667,0,0.70833,0.18333,0.0083333,0,0,0,0,0,0,0.99167,0.81667,0.29167,0,0,0.53333,0.066667,0,0.53333,0.83333,0.33333,0.033333
1,0,0,0,0,0,0,0,0,0,0,0,0,0,0,0,0,0,0,1,0,0,0,0,0,0,0,0,0,0,0,0,0,0,0,0,0,0,0,1,0.70833,0.18333,0.0083333,0.3,0.3,0,0.70833,0.18333,0.70833,0.18333,0,0.83333,0.33333,0.033333,0,0,0,0,0,0,0.99167,0.81667,0.29167,0,0,0.53333,0.066667,0,0.53333,0.83333,0.33333,0.033333
1,0,0,0,0,0,0,0,0,0,0,0,0,0,0,0,0,0,0,0,1,0,0,0,0,0,0,0,0,0,0,0,0,0,0,0,0,0,0,1,0.70833,0.18333,0.0083333,0.3,0.3,0,0.70833,0.18333,0.70833,0.18333,0,0.83333,0.33333,0.033333,0,0,0,0,0,0,0.99167,0.81667,0.29167,0,0,0.53333,0.066667,0,0.53333,0.83333,0.33333,0.033333
0,2,0,0,0,0,0,0,0,0,0,0,0,0,0,0,0,0,0,0,0,1,0,0,0,0,0,0,0,0,0,0,0,0,0,0,0,0,0,1,0.70833,0.18333,0.0083333,0.3,0.3,0,0.70833,0.18333,0.70833,0.18333,0,0.83333,0.33333,0.033333,0,0,0,0,0,0,0.99167,0.81667,0.29167,0,0,0.53333,0.066667,0,0.53333,0.83333,0.33333,0.033333
0,2,0,0,0,0,0,0,0,0,0,0,0,0,0,0,0,0,0,0,0,0,1,0,0,0,0,0,0,0,0,0,0,0,0,0,0,0,0,1,0.78788,0.27879,0.024242,0.27273,0.27273,0,0.78788,0.27879,0.66061,0.15152,0,0.78788,0.27879,0.024242,0,0,0,0,0,0,0.97576,0.72121,0.21212,0,0,0.49091,0.054546,0,0.49091,0.78788,0.27879,0.024242
0,3,0,0,0,0,0,0,0,0,0,0,0,0,0,0,0,0,0,0,0,0,0,1,0,0,0,0,0,0,0,0,0,0,0,0,0,0,0,1,0.78788,0.27879,0.024242,0.27273,0.27273,0,0.78788,0.27879,0.66061,0.15152,0,0.78788,0.27879,0.024242,0,0,0,0,0,0,0.97576,0.72121,0.21212,0,0,0.49091,0.054546,0,0.49091,0.78788,0.27879,0.024242
1,0,0,0,0,0,0,0,0,0,0,0,0,0,0,0,0,0,0,0,0,0,0,0,1,0,0,0,0,0,0,0,0,0,0,0,0,0,0,1,0.78788,0.27879,0.024242,0.27273,0.27273,0,0.78788,0.27879,0.66061,0.15152,0,0.78788,0.27879,0.024242,0,0,0,0,0,0,0.97576,0.72121,0.21212,0,0,0.49091,0.054546,0,0.49091,0.78788,0.27879,0.024242
0,1,0,0,0,0,0,0,0,0,0,0,0,0,0,0,0,0,0,0,0,0,0,0,0,1,0,0,0,0,0,0,0,0,0,0,0,0,0,1,0.78788,0.27879,0.024242,0.27273,0.27273,0,0.78788,0.27879,0.66061,0.15152,0,0.78788,0.27879,0.024242,0,0,0,0,0,0,0.97576,0.72121,0.21212,0,0,0.49091,0.054546,0,0.49091,0.78788,0.27879,0.024242
0,2,0,0,0,0,0,0,0,0,0,0,0,0,0,0,0,0,0,0,0,0,0,0,0,0,1,0,0,0,0,0,0,0,0,0,0,0,0,1,0.74545,0.23636,0.018182,0.25,0.25,0,0.74545,0.23636,0.61818,0.12727,0,0.74545,0.23636,0.018182,0.25,0,0,0,0,0,0.95455,0.63636,0.15909,0,0,0.45455,0.045454,0,0.45455,0.74545,0.23636,0.018182
1,0,0,0,0,0,0,0,0,0,0,0,0,0,0,0,0,0,0,0,0,0,0,0,0,0,0,1,0,0,0,0,0,0,0,0,0,0,0,1,0.78788,0.27879,0.024242,0.27273,0.27273,0,0.78788,0.27879,0.66061,0.15152,0,0.66061,0.15152,0.0060606,0.27273,0,0,0,0,0,0.93939,0.57576,0.12121,0,0,0.27273,0,0,0.49091,0.66061,0.15152,0.0060606
1,0,0,0,0,0,0,0,0,0,0,0,0,0,0,0,0,0,0,0,0,0,0,0,0,0,0,0,1,0,0,0,0,0,0,0,0,0,0,1,0.70833,0.18333,0.0083333,0.3,0.3,0,0.83333,0.33333,0.70833,0.18333,0,0.70833,0.18333,0.0083333,0.3,0,0,0,0,0,0.91667,0.5,0.083333,0,0,0.3,0,0,0.3,0.53333,0.066667,0
1,0,1,0,0,0,0,0,0,0,0,0,0,0,0,0,0,0,0,0,0,0,0,0,0,0,0,0,0,1987,0,0,0,0,0,0,0,0,0,1,0.67647,0.19118,0.014706,0.17647,0.33088,0.33088,0.57941,0.12059,0.67647,0.19118,0,0.75735,0.27206,0.029412,0.17647,0,0,0.33088,0.022059,0,0.97059,0.72794,0.24265,0.17647,0.17647,0.67647,0.19118,0.014706,0.17647,0.75735,0.27206,0.029412
0,3,1,0,0,0,0,0,0,0,0,0,1,0,0,0,0,0,0,0,0,0,0,0,0,0,0,0,0,1988,0,0,0,0,0,0,0,0,0,1,0.70536,0.21429,0.017857,0.1875,0.35,0.35,0.60714,0.13571,0.70536,0.21429,0,0.78571,0.30357,0.035714,0.1875,0,0,0.35,0.025,0,0.96429,0.69643,0.21429,0.1875,0.1875,0.60714,0.13571,0.0071429,0.1875,0.70536,0.21429,0.017857
1,0,1,0,0,0,0,0,0,0,0,0,0,1,0,0,0,0,0,0,0,0,0,0,0,0,0,0,0,1989,0,0,0,0,0,0,0,0,0,1,0.67647,0.19118,0.014706,0.17647,0.33088,0.33088,0.57941,0.12059,0.67647,0.19118,0,0.75735,0.27206,0.029412,0.17647,0,0,0.46471,0.063235,0.0014706,0.94853,0.63971,0.17647,0.17647,0.17647,0.67647,0.19118,0.014706,0.17647,0.75735,0.27206,0.029412
0,2,1,0,0,0,0,0,0,0,0,0,0,0,1,0,0,0,0,0,0,0,0,0,0,0,0,0,0,1990,0,0,0,0,0,0,0,0,0,1,0.64951,0.17157,0.012255,0.16667,0.31373,0.31373,0.55392,0.10784,0.73039,0.2451,0,0.79779,0.32598,0.042892,0.16667,0,0,0.4424,0.056372,0.0012255,0.95711,0.67402,0.20221,0.16667,0.16667,0.64951,0.17157,0.012255,0.16667,0.73039,0.2451,0.02451
1,0,1,0,0,0,0,0,0,0,0,0,0,0,0,1,0,0,0,0,0,0,0,0,0,0,0,0,0,1991,0,0,0,0,0,0,0,0,0,1,0.64951,0.17157,0.012255,0.16667,0.31373,0.31373,0.55392,0.10784,0.73039,0.2451,0,0.79779,0.32598,0.042892,0.16667,0,0,0.4424,0.056373,0.0012255,0.95711,0.67402,0.20221,0.16667,0.16667,0.64951,0.17157,0.012255,0.16667,0.73039,0.2451,0.02451
0,2,1,0,0,0,0,0,0,0,0,0,0,0,0,0,1,0,0,0,0,0,0,0,0,0,0,0,0,1992,0,0,0,0,0,0,0,0,0,1,0.62435,0.1548,0.01032,0.15789,0.29825,0.29825,0.62435,0.1548,0.70485,0.22188,0,0.82972,0.37565,0.057792,0.29825,0.017544,0,0.42208,0.050568,0.001032,0.94221,0.62435,0.17028,0.15789,0.15789,0.62435,0.1548,0.01032,0.15789,0.70485,0.22188,0.02064
0,2,1,0,0,0,0,0,0,0,0,0,0,0,0,0,0,1,0,0,0,0,0,0,0,0,0,0,0,1993,0,0,0,0,0,0,0,0,0,1,0.62435,0.1548,0.01032,0.15789,0.29825,0.29825,0.53044,0.097007,0.77296,0.29618,0,0.82972,0.37565,0.057792,0.29825,0.017544,0,0.42208,0.050568,0.001032,0.94221,0.62435,0.17028,0.15789,0.15789,0.62435,0.1548,0.01032,0.15789,0.70485,0.22188,0.02064
0,2,1,0,0,0,0,0,0,0,0,0,0,0,0,0,0,0,1,0,0,0,0,0,0,0,0,0,0,1994,0,0,0,0,0,0,0,0,0,1,0.76364,0.29091,0.036364,0.13636,0.37078,0.25974,0.47013,0.072727,0.81429,0.35844,0,0.81429,0.35844,0.054546,0.37078,0.037662,0.0006494,0.37078,0.037662,0.0006494,0.94545,0.64156,0.18571,0.13636,0.13636,0.63636,0.16883,0.012987,0.13636,0.70455,0.22727,0.022727
0,2,1,0,0,0,0,0,0,0,0,0,0,0,0,0,0,0,0,1,0,0,0,0,0,0,0,0,0,1995,0,0,0,0,0,0,0,0,0,1,0.78496,0.31579,0.042105,0.14286,0.38647,0.27143,0.48872,0.079699,0.83459,0.38797,0,0.83459,0.38797,0.063158,0.38647,0.041353,0.0007519,0.38647,0.041353,0.0007519,0.93684,0.61203,0.16541,0.14286,0.14286,0.57895,0.12782,0.0075188,0.14286,0.65789,0.18421,0.015038
0,1,1,0,0,0,0,0,0,0,0,0,0,0,0,0,0,0,0,0,1,0,0,0,0,0,0,0,0,1996,0,0,0,0,0,0,0,0,0,1,0.82972,0.37565,0.057792,0.15789,0.29825,0.15789,0.53044,0.097007,0.82972,0.37565,0,0.87616,0.4582,0.086687,0.42208,0.050568,0.001032,0.42208,0.050568,0.001032,0.91331,0.5418,0.12384,0.15789,0.15789,0.53044,0.097007,0.004128,0.15789,0.62435,0.1548,0.01032
1,0,1,0,0,0,0,0,0,0,0,0,0,0,0,0,0,0,0,0,0,1,0,0,0,0,0,0,0,1997,0,0,0,0,0,0,0,0,0,1,0.79779,0.32598,0.042892,0.16667,0.31373,0.16667,0.55392,0.10784,0.79779,0.32598,0,0.85294,0.41176,0.068627,0.4424,0.056373,0.0012255,0.4424,0.056373,0.0012255,0.89706,0.5,0.10294,0.16667,0.16667,0.55392,0.10784,0.004902,0.16667,0.64951,0.17157,0.012255
1,0,1,0,0,0,0,0,0,0,0,0,0,0,0,0,0,0,0,0,0,0,1,0,0,0,0,0,0,1998,0,0,0,0,0,0,0,0,0,1,0.89286,0.5,0.10714,0.37078,0.37078,0.13636,0.63636,0.16883,0.81429,0.35844,0,0.85714,0.42857,0.077922,0.47013,0.072727,0.0025974,0.55844,0.11688,0.0064935,0.89286,0.5,0.10714,0.25974,0.13636,0.47013,0.072727,0.0025974,0.13636,0.55844,0.11688,0.0064935
1,0,1,0,0,0,0,0,0,0,0,0,0,0,0,0,0,0,0,0,0,0,0,1,0,0,0,0,0,1999,0,0,0,0,0,0,0,0,0,1,0.92208,0.57143,0.14286,0.37078,0.37078,0.13636,0.70455,0.22727,0.76364,0.29091,0,0.85714,0.42857,0.077922,0.47013,0.072727,0.0025974,0.55844,0.11688,0.0064935,0.85714,0.42857,0.077922,0.25974,0.13636,0.47013,0.072727,0.0025974,0.13636,0.55844,0.11688,0.0064935
1,0,1,0,0,0,0,0,0,0,0,0,0,0,0,0,0,0,0,0,0,0,0,0,1,0,0,0,0,2000,0,0,0,0,0,0,0,0,0,1,0.93684,0.61203,0.16541,0.38647,0.38647,0.14286,0.72632,0.24737,0.78496,0.31579,0,0.87594,0.46241,0.090226,0.48872,0.079699,0.0030075,0.57895,0.12782,0.0075188,0.87594,0.46241,0.090226,0.27143,0.14286,0.38647,0.041353,0.0007519,0.14286,0.48872,0.079699,0.0030075
1,0,1,0,0,0,0,0,0,0,0,0,0,0,0,0,0,0,0,0,0,0,0,0,0,1,0,0,0,2001,0,0,0,0,0,0,0,0,0,1,0.90683,0.53416,0.12422,0.3563,0.53924,0.3563,0.68379,0.20949,0.74308,0.26877,0,0.83851,0.39808,0.067758,0.45285,0.066629,0.0022586,0.53924,0.10728,0.0056465,0.90683,0.53416,0.12422,0.24901,0.13043,0.45285,0.066629,0.0022586,0.24901,0.61604,0.15528,0.011293
1,0,1,0,0,0,0,0,0,0,0,0,0,0,0,0,0,0,0,0,0,0,0,0,0,0,1,0,0,2002,0,0,0,0,0,0,0,0,0,1,0.8913,0.5,0.1087,0.43676,0.52125,0.34289,0.66403,0.19368,0.7752,0.3083,0,0.82016,0.37055,0.059288,0.43676,0.061265,0.0019763,0.52125,0.098814,0.0049407,0.91848,0.56522,0.1413,0.23913,0.125,0.43676,0.061265,0.0019763,0.23913,0.59684,0.14328,0.0098814
0,1,1,0,0,0,0,0,0,0,0,0,0,0,0,0,0,0,0,0,0,0,0,0,0,0,0,1,0,2003,0,0,0,0,0,0,0,0,0,1,0.87565,0.4687,0.095652,0.42174,0.50435,0.33043,0.64522,0.17957,0.75652,0.28696,0,0.80217,0.34565,0.052174,0.50435,0.091304,0.0043478,0.50435,0.091304,0.0043478,0.90435,0.5313,0.12435,0.23,0.12,0.42174,0.056522,0.0017391,0.23,0.5787,0.13261,0.0086957
1,0,1,0,0,0,0,0,0,0,0,0,0,0,0,0,0,0,0,0,0,0,0,0,0,0,0,0,1,2004,0,0,0,0,0,0,0,0,0,1,0.84174,0.40652,0.071739,0.42174,0.50435,0.33043,0.64522,0.17957,0.75652,0.28696,0,0.80217,0.34565,0.052174,0.50435,0.091304,0.0043478,0.50435,0.091304,0.0043478,0.87565,0.4687,0.095652,0.23,0.12,0.33043,0.02913,0.0004348,0.23,0.50435,0.091304,0.0043478
1,0,0,1,0,0,0,0,0,0,0,0,0,0,0,0,0,0,0,0,0,0,0,0,0,0,0,0,0,0,1987,0,0,0,0,0,0,0,0,1,0.78571,0.30357,0.035714,0,0,0,0,0,0.1875,0,0,0.9,0.5,0.1,0.70536,0.21429,0.017857,0.9375,0.6,0.15,0.9,0.5,0.1,0,0,1,1,0.8125,0,1,1,0.8125
0,1,0,1,0,0,0,0,0,0,0,0,1,0,0,0,0,0,0,0,0,0,0,0,0,0,0,0,0,0,1988,0,0,0,0,0,0,0,0,1,0.78571,0.30357,0.035714,0,0,0,0,0,0.1875,0,0,0.9,0.5,0.1,0.70536,0.21429,0.017857,0.9375,0.6,0.15,0.9,0.5,0.1,0,0,1,1,0.8125,0,1,1,0.8125
1,0,0,1,0,0,0,0,0,0,0,0,0,1,0,0,0,0,0,0,0,0,0,0,0,0,0,0,0,0,1989,0,0,0,0,0,0,0,0,1,0.78571,0.30357,0.035714,0,0,0,0,0,0.1875,0,0,0.9,0.5,0.1,0.70536,0.21429,0.017857,0.9375,0.6,0.15,0.9,0.5,0.1,0,0,1,1,0.8125,0,1,1,0.8125
0,1,0,1,0,0,0,0,0,0,0,0,0,0,1,0,0,0,0,0,0,0,0,0,0,0,0,0,0,0,1990,0,0,0,0,0,0,0,0,1,0.75735,0.27206,0.029412,0,0,0,0,0,0.17647,0,0,0.87647,0.45294,0.082353,0.67647,0.19118,0.014706,0.91765,0.54706,0.12353,0.91765,0.54706,0.12353,0,0,1,1,0.82353,0,1,1,0.82353
0,2,0,1,0,0,0,0,0,0,0,0,0,0,0,1,0,0,0,0,0,0,0,0,0,0,0,0,0,0,1991,0,0,0,0,0,0,0,0,1,0.62435,0.1548,0.01032,0,0,0,0,0,0.15789,0,0,0.87616,0.4582,0.086687,0.62435,0.1548,0.01032,0.87616,0.4582,0.086687,0.87616,0.4582,0.086687,0,0,0.99897,0.94943,0.57792,0,0.99897,0.94943,0.57792
1,0,0,1,0,0,0,0,0,0,0,0,0,0,0,0,1,0,0,0,0,0,0,0,0,0,0,0,0,0,1992,0,0,0,0,0,0,0,0,1,0.60088,0.14035,0.0087719,0.15,0,0,0,0,0.15,0,0,0.89474,0.5,0.10526,0.60088,0.14035,0.0087719,0.89474,0.5,0.10526,0.85526,0.42105,0.073684,0.15,0,0.99912,0.95439,0.59649,0,0.99912,0.95439,0.59649
1,0,0,1,0,0,0,0,0,0,0,0,0,0,0,0,0,1,0,0,0,0,0,0,0,0,0,0,0,0,1993,0,0,0,0,0,0,0,0,1,0.65789,0.18421,0.015038,0.14286,0,0,0,0,0.14286,0,0,0.87594,0.46241,0.090226,0.57895,0.12782,0.0075188,0.87594,0.46241,0.090226,0.83459,0.38797,0.063158,0.14286,0,0.99699,0.9203,0.51128,0.14286,0.99925,0.95865,0.61353
1,0,0,1,0,0,0,0,0,0,0,0,0,0,0,0,0,0,1,0,0,0,0,0,0,0,0,0,0,0,1994,0,0,0,0,0,0,0,0,1,0.70455,0.22727,0.022727,0.25974,0,0,0,0,0.25974,0.012987,0,0.85714,0.42857,0.077922,0.55844,0.11688,0.0064935,0.89286,0.5,0.10714,0.81429,0.35844,0.054546,0.25974,0,0.99351,0.88312,0.44156,0.13636,0.9974,0.92727,0.52987
0,1,0,1,0,0,0,0,0,0,0,0,0,0,0,0,0,0,0,1,0,0,0,0,0,0,0,0,0,0,1995,0,0,0,0,0,0,0,0,1,0.70455,0.22727,0.022727,0.25974,0,0,0,0,0.25974,0.012987,0,0.85714,0.42857,0.077922,0.55844,0.11688,0.0064935,0.89286,0.5,0.10714,0.81429,0.35844,0.054546,0.25974,0,0.99351,0.88312,0.44156,0.13636,0.9974,0.92727,0.52987
1,0,0,1,0,0,0,0,0,0,0,0,0,0,0,0,0,0,0,0,1,0,0,0,0,0,0,0,0,0,1996,0,0,0,0,0,0,0,0,1,0.6807,0.20175,0.017544,0.28421,0,0,0,0,0.28421,0.01579,0,0.89474,0.5,0.10526,0.60088,0.14035,0.0087719,0.89474,0.5,0.10526,0.80702,0.34386,0.049123,0.28421,0,0.99123,0.85965,0.39912,0.15,0.99649,0.91228,0.49123
1,0,0,1,0,0,0,0,0,0,0,0,0,0,0,0,0,0,0,0,0,1,0,0,0,0,0,0,0,0,1997,0,0,0,0,0,0,0,0,1,0.6807,0.20175,0.017544,0.28421,0,0,0,0,0.28421,0.01579,0,0.89474,0.5,0.10526,0.60088,0.14035,0.0087719,0.89474,0.5,0.10526,0.80702,0.34386,0.049123,0.28421,0,0.99123,0.85965,0.39912,0.15,0.99649,0.91228,0.49123
0,1,0,1,0,0,0,0,0,0,0,0,0,0,0,0,0,0,0,0,0,0,1,0,0,0,0,0,0,0,1998,0,0,0,0,0,0,0,0,1,0.76364,0.29091,0.036364,0.25974,0,0,0,0,0.25974,0.012987,0,0.89286,0.5,0.10714,0.63636,0.16883,0.012987,0.92208,0.57143,0.14286,0.81429,0.35844,0.054546,0.25974,0,0.99351,0.88312,0.44156,0.13636,0.9974,0.92727,0.52987
1,0,0,1,0,0,0,0,0,0,0,0,0,0,0,0,0,0,0,0,0,0,0,1,0,0,0,0,0,0,1999,0,0,0,0,0,0,0,0,1,0.78496,0.31579,0.042105,0.27143,0,0,0,0,0.27143,0.014286,0,0.87594,0.46241,0.090226,0.57895,0.12782,0.0075188,0.90977,0.53759,0.12406,0.78496,0.31579,0.042105,0.27143,0,0.99248,0.87218,0.42105,0.14286,0.99699,0.9203,0.51128
0,1,0,1,0,0,0,0,0,0,0,0,0,0,0,0,0,0,0,0,0,0,0,0,1,0,0,0,0,0,2000,0,0,0,0,0,0,0,0,1,0.74912,0.27018,0.030702,0.28421,0.15,0.15,0,0,0.28421,0.01579,0,0.80702,0.34386,0.049123,0.60088,0.14035,0.0087719,0.92632,0.57895,0.14474,0.74912,0.27018,0.030702,0.28421,0.15,0.98246,0.79825,0.3193,0.15,0.99123,0.85965,0.39912
1,0,0,1,0,0,0,0,0,0,0,0,0,0,0,0,0,0,0,0,0,0,0,0,0,1,0,0,0,0,2001,0,0,0,0,0,0,0,0,1,0.70485,0.22188,0.02064,0.29825,0.15789,0.15789,0,0,0.15789,0,0,0.77296,0.29618,0.03612,0.62435,0.1548,0.01032,0.94221,0.62435,0.17028,0.77296,0.29618,0.03612,0.29825,0.15789,0.98968,0.8452,0.37565,0.15789,0.99587,0.90299,0.46956
0,1,0,1,0,0,0,0,0,0,0,0,0,0,0,0,0,0,0,0,0,0,0,0,0,0,1,0,0,0,2002,0,0,0,0,0,0,0,0,1,0.6807,0.20175,0.017544,0.28421,0.15,0.15,0,0,0.15,0,0,0.80702,0.34386,0.049123,0.60088,0.14035,0.0087719,0.95088,0.65614,0.19298,0.80702,0.34386,0.049123,0.28421,0.15,0.98246,0.79825,0.3193,0.28421,0.99649,0.91228,0.49123
1,0,0,1,0,0,0,0,0,0,0,0,0,0,0,0,0,0,0,0,0,0,0,0,0,0,0,1,0,0,2003,0,0,0,0,0,0,0,0,1,0.65789,0.18421,0.015038,0.38647,0.27143,0.27143,0,0,0.14286,0,0,0.78496,0.31579,0.042105,0.57895,0.12782,0.0075188,0.93684,0.61203,0.16541,0.78496,0.31579,0.042105,0.27143,0.14286,0.97368,0.75263,0.27368,0.27143,0.99248,0.87218,0.42105
1,0,0,1,0,0,0,0,0,0,0,0,0,0,0,0,0,0,0,0,0,0,0,0,0,0,0,0,1,0,2004,0,0,0,0,0,0,0,0,1,0.65789,0.18421,0.015038,0.38647,0.27143,0.27143,0,0,0.14286,0,0,0.78496,0.31579,0.042105,0.57895,0.12782,0.0075188,0.93684,0.61203,0.16541,0.78496,0.31579,0.042105,0.27143,0.14286,0.97368,0.75263,0.27368,0.27143,0.99248,0.87218,0.42105
0,2,0,0,1,0,0,0,0,0,0,0,0,0,0,0,0,0,0,0,0,0,0,0,1,0,0,0,0,0,0,2000,0,0,0,0,0,0,0,1,0.85714,0.42857,0.077922,0.25974,0.47013,0.13636,0.13636,0,0.63636,0.16883,0.13636,0.94545,0.64156,0.18571,0.81429,0.35844,0.054546,0.96364,0.70909,0.23636,0.70455,0.22727,0.022727,0.13636,0,0.89286,0.5,0.10714,0.25974,0.94545,0.64156,0.18571
0,1,0,0,1,0,0,0,0,0,0,0,0,0,0,0,0,0,0,0,0,0,0,0,0,1,0,0,0,0,0,2001,0,0,0,0,0,0,0,1,0.83851,0.39808,0.067758,0.3563,0.45285,0.13043,0.13043,0,0.68379,0.20949,0.13043,0.93224,0.60192,0.16149,0.83851,0.39808,0.067758,0.95257,0.66798,0.20553,0.74308,0.26877,0.031621,0.13043,0,0.87578,0.46584,0.093168,0.24901,0.93224,0.60192,0.16149
1,0,0,0,1,0,0,0,0,0,0,0,0,0,0,0,0,0,0,0,0,0,0,0,0,0,1,0,0,0,0,2002,0,0,0,0,0,0,0,1,0.82016,0.37055,0.059288,0.34289,0.43676,0.125,0.125,0,0.66403,0.19368,0.125,0.91848,0.56522,0.1413,0.8587,0.43478,0.081522,0.94071,0.62945,0.17984,0.7752,0.3083,0.041502,0.125,0,0.8587,0.43478,0.081522,0.23913,0.91848,0.56522,0.1413
1,0,0,0,1,0,0,0,0,0,0,0,0,0,0,0,0,0,0,0,0,0,0,0,0,0,0,1,0,0,0,2003,0,0,0,0,0,0,0,1,0.70455,0.22727,0.022727,0.37078,0.55844,0.13636,0.13636,0,0.70455,0.22727,0.13636,0.89286,0.5,0.10714,0.85714,0.42857,0.077922,0.92208,0.57143,0.14286,0.81429,0.35844,0.054546,0.13636,0,0.85714,0.42857,0.077922,0.13636,0.89286,0.5,0.10714
0,1,0,0,1,0,0,0,0,0,0,0,0,0,0,0,0,0,0,0,0,0,0,0,0,0,0,0,1,0,0,2004,0,0,0,0,0,0,0,1,0.68379,0.20949,0.019763,0.3563,0.53924,0.13043,0.13043,0,0.68379,0.20949,0.13043,0.90683,0.53416,0.12422,0.87578,0.46584,0.093168,0.93224,0.60192,0.16149,0.83851,0.39808,0.067758,0.13043,0,0.87578,0.46584,0.093168,0.13043,0.90683,0.53416,0.12422
1,0,0,0,0,1,0,0,0,0,0,0,0,0,0,0,0,0,0,0,0,0,0,0,0,0,0,0,0,0,0,0,1987,0,0,0,0,0,0,1,0.8587,0.43478,0.081522,0.125,0.34289,0.34289,0.125,0,0.66403,0.19368,0,0.82016,0.37055,0.059288,0.72332,0.24901,0.027668,0.8913,0.5,0.1087,0.8587,0.43478,0.081522,0.125,0.125,0.9585,0.6917,0.2248,0,0.9585,0.6917,0.2248
0,1,0,0,0,1,0,0,0,0,0,0,1,0,0,0,0,0,0,0,0,0,0,0,0,0,0,0,0,0,0,0,1988,0,0,0,0,0,0,1,0.8587,0.43478,0.081522,0.125,0.34289,0.34289,0.125,0,0.66403,0.19368,0,0.82016,0.37055,0.059288,0.72332,0.24901,0.027668,0.8913,0.5,0.1087,0.8587,0.43478,0.081522,0.125,0.125,0.9585,0.6917,0.2248,0,0.9585,0.6917,0.2248
1,0,0,0,0,1,0,0,0,0,0,0,0,1,0,0,0,0,0,0,0,0,0,0,0,0,0,0,0,0,0,0,1989,0,0,0,0,0,0,1,0.8587,0.43478,0.081522,0.125,0.34289,0.34289,0.125,0,0.66403,0.19368,0,0.82016,0.37055,0.059288,0.72332,0.24901,0.027668,0.8913,0.5,0.1087,0.8587,0.43478,0.081522,0.125,0.125,0.9585,0.6917,0.2248,0,0.9585,0.6917,0.2248
1,0,0,0,0,1,0,0,0,0,0,0,0,0,1,0,0,0,0,0,0,0,0,0,0,0,0,0,0,0,0,0,1990,0,0,0,0,0,0,1,0.84174,0.40652,0.071739,0.12,0.33043,0.33043,0.12,0,0.70435,0.2313,0,0.84174,0.40652,0.071739,0.75652,0.28696,0.036522,0.87565,0.4687,0.095652,0.87565,0.4687,0.095652,0.12,0.12,0.94783,0.65435,0.19783,0,0.94783,0.65435,0.19783
1,0,0,0,0,1,0,0,0,0,0,0,0,0,0,1,0,0,0,0,0,0,0,0,0,0,0,0,0,0,0,0,1991,0,0,0,0,0,0,1,0.80855,0.35726,0.05641,0.21368,0.30803,0.30803,0.11111,0,0.66872,0.20103,0,0.84444,0.41368,0.075214,0.72103,0.25026,0.028718,0.87556,0.47111,0.097778,0.90222,0.52889,0.12444,0.11111,0.11111,0.95897,0.69744,0.23248,0,0.95897,0.69744,0.23248
1,0,0,0,0,1,0,0,0,0,0,0,0,0,0,0,1,0,0,0,0,0,0,0,0,0,0,0,0,0,0,0,1992,0,0,0,0,0,0,1,0.80855,0.35726,0.05641,0.21368,0.30803,0.30803,0.11111,0,0.66872,0.20103,0,0.84444,0.41368,0.075214,0.72103,0.25026,0.028718,0.87556,0.47111,0.097778,0.90222,0.52889,0.12444,0.11111,0.11111,0.95897,0.69744,0.23248,0,0.95897,0.69744,0.23248
1,0,0,0,0,1,0,0,0,0,0,0,0,0,0,0,0,1,0,0,0,0,0,0,0,0,0,0,0,0,0,0,1993,0,0,0,0,0,0,1,0.82906,0.3895,0.067155,0.29792,0.29792,0.29792,0.10714,0,0.65201,0.18803,0,0.86111,0.44444,0.087302,0.70421,0.23443,0.025641,0.86111,0.44444,0.087302,0.88889,0.5,0.11111,0.10714,0.10714,0.96337,0.71612,0.24908,0,0.96337,0.71612,0.24908
1,0,0,0,0,1,0,0,0,0,0,0,0,0,0,0,0,0,1,0,0,0,0,0,0,0,0,0,0,0,0,0,1994,0,0,0,0,0,0,1,0.78462,0.32308,0.046154,0.31885,0.31885,0.31885,0.11538,0,0.68615,0.21538,0,0.86,0.44,0.084615,0.73846,0.26769,0.032308,0.825,0.38077,0.063462,0.89,0.5,0.11,0.11538,0.11538,0.95385,0.67692,0.21538,0,0.95385,0.67692,0.21538
0,1,0,0,0,1,0,0,0,0,0,0,0,0,0,0,0,0,0,1,0,0,0,0,0,0,0,0,0,0,0,0,1995,0,0,0,0,0,0,1,0.82906,0.3895,0.067155,0.38217,0.38217,0.38217,0.10714,0,0.65201,0.18803,0.10714,0.82906,0.3895,0.067155,0.70421,0.23443,0.025641,0.79243,0.33578,0.050366,0.86111,0.44444,0.087302,0.10714,0.10714,0.94963,0.66422,0.20757,0,0.94963,0.66422,0.20757
0,2,0,0,0,1,0,0,0,0,0,0,0,0,0,0,0,0,0,0,1,0,0,0,0,0,0,0,0,0,0,0,1996,0,0,0,0,0,0,1,0.80855,0.35726,0.05641,0.39453,0.39453,0.39453,0.11111,0,0.66872,0.20103,0.11111,0.84444,0.41368,0.075214,0.72103,0.25026,0.028718,0.80855,0.35726,0.05641,0.87556,0.47111,0.097778,0.11111,0.11111,0.94359,0.64274,0.19145,0,0.94359,0.64274,0.19145
0,1,0,0,0,1,0,0,0,0,0,0,0,0,0,0,0,0,0,0,0,1,0,0,0,0,0,0,0,0,0,0,1997,0,0,0,0,0,0,1,0.84674,0.41981,0.07827,0.37055,0.44609,0.44609,0.19951,0.0073892,0.63602,0.17625,0.19951,0.8139,0.36727,0.060208,0.73481,0.26683,0.032841,0.77668,0.31609,0.045156,0.84674,0.41981,0.07827,0.10345,0.10345,0.92173,0.58019,0.15326,0,0.92173,0.58019,0.15326
1,0,0,0,0,1,0,0,0,0,0,0,0,0,0,0,0,0,0,0,0,0,1,0,0,0,0,0,0,0,0,0,1998,0,0,0,0,0,0,1,0.84444,0.41368,0.075214,0.39453,0.4735,0.4735,0.21368,0.008547,0.66872,0.20103,0.21368,0.84444,0.41368,0.075214,0.72103,0.25026,0.028718,0.76752,0.30256,0.041026,0.80855,0.35726,0.05641,0.11111,0.11111,0.92479,0.58632,0.15556,0,0.92479,0.58632,0.15556
1,0,0,0,0,1,0,0,0,0,0,0,0,0,0,0,0,0,0,0,0,0,0,1,0,0,0,0,0,0,0,0,1999,0,0,0,0,0,0,1,0.825,0.38077,0.063462,0.40769,0.48846,0.48846,0.22154,0.0092308,0.62731,0.16692,0.22154,0.86,0.44,0.084615,0.73846,0.26769,0.032308,0.78462,0.32308,0.046154,0.825,0.38077,0.063462,0.11538,0.11538,0.93654,0.61923,0.175,0,0.93654,0.61923,0.175
1,0,0,0,0,1,0,0,0,0,0,0,0,0,0,0,0,0,0,0,0,0,0,0,1,0,0,0,0,0,0,0,2000,0,0,0,0,0,0,1,0.825,0.38077,0.063462,0.40769,0.48846,0.48846,0.22154,0.0092308,0.62731,0.16692,0.22154,0.86,0.44,0.084615,0.73846,0.26769,0.032308,0.78462,0.32308,0.046154,0.825,0.38077,0.063462,0.11538,0.11538,0.93654,0.61923,0.175,0,0.93654,0.61923,0.175
0,1,0,0,0,1,0,0,0,0,0,0,0,0,0,0,0,0,0,0,0,0,0,0,0,1,0,0,0,0,0,0,2001,0,0,0,0,0,0,1,0.825,0.38077,0.063462,0.40769,0.48846,0.48846,0.22154,0.0092308,0.62731,0.16692,0.22154,0.86,0.44,0.084615,0.73846,0.26769,0.032308,0.78462,0.32308,0.046154,0.825,0.38077,0.063462,0.11538,0.11538,0.93654,0.61923,0.175,0,0.93654,0.61923,0.175
0,1,0,0,0,1,0,0,0,0,0,0,0,0,0,0,0,0,0,0,0,0,0,0,0,0,1,0,0,0,0,0,2002,0,0,0,0,0,0,1,0.84444,0.41368,0.075214,0.4735,0.4735,0.4735,0.21368,0.008547,0.4735,0.078632,0.21368,0.90222,0.52889,0.12444,0.61026,0.15556,0.011966,0.80855,0.35726,0.05641,0.80855,0.35726,0.05641,0.21368,0.11111,0.94359,0.64274,0.19145,0.11111,0.95897,0.69744,0.23248
1,0,0,0,0,1,0,0,0,0,0,0,0,0,0,0,0,0,0,0,0,0,0,0,0,0,0,1,0,0,0,0,2003,0,0,0,0,0,0,1,0.79243,0.33578,0.050366,0.52991,0.38217,0.38217,0.20635,0.0079365,0.4594,0.07326,0.20635,0.86111,0.44444,0.087302,0.59402,0.1453,0.010684,0.82906,0.3895,0.067155,0.79243,0.33578,0.050366,0.29792,0,0.9127,0.55556,0.13889,0.10714,0.93284,0.6105,0.17094
0,1,0,0,0,1,0,0,0,0,0,0,0,0,0,0,0,0,0,0,0,0,0,0,0,0,0,0,1,0,0,0,2004,0,0,0,0,0,0,1,0.79243,0.33578,0.050366,0.52991,0.38217,0.38217,0.20635,0.0079365,0.4594,0.07326,0.20635,0.86111,0.44444,0.087302,0.59402,0.1453,0.010684,0.82906,0.3895,0.067155,0.79243,0.33578,0.050366,0.29792,0,0.9127,0.55556,0.13889,0.10714,0.93284,0.6105,0.17094
1,0,0,0,0,0,1,0,0,0,0,0,0,0,0,0,0,0,0,0,0,0,0,0,0,0,0,0,0,0,0,0,0,1987,0,0,0,0,0,1,0.60714,0.13571,0.0071429,0,0,0,0.35,0.025,0.85,0.4,0,0.85,0.4,0.0625,0.70536,0.21429,0.017857,0.78571,0.30357,0.035714,0.85,0.4,0.0625,0,0,0.78571,0.30357,0.035714,0.1875,0.85,0.4,0.0625
1,0,0,0,0,0,1,0,0,0,0,0,1,0,0,0,0,0,0,0,0,0,0,0,0,0,0,0,0,0,0,0,0,1988,0,0,0,0,0,1,0.60714,0.13571,0.0071429,0,0,0,0.35,0.025,0.85,0.4,0,0.85,0.4,0.0625,0.70536,0.21429,0.017857,0.78571,0.30357,0.035714,0.85,0.4,0.0625,0,0,0.78571,0.30357,0.035714,0.1875,0.85,0.4,0.0625
1,0,0,0,0,0,1,0,0,0,0,0,0,1,0,0,0,0,0,0,0,0,0,0,0,0,0,0,0,0,0,0,0,1989,0,0,0,0,0,1,0.51648,0.081319,0.0021978,0,0,0,0.37143,0.028571,0.87692,0.44615,0,0.87692,0.44615,0.076923,0.73626,0.24176,0.021978,0.81538,0.34066,0.043956,0.81538,0.34066,0.043956,0,0,0.73626,0.24176,0.021978,0.2,0.81538,0.34066,0.043956
0,1,0,0,0,0,1,0,0,0,0,0,0,0,1,0,0,0,0,0,0,0,0,0,0,0,0,0,0,0,0,0,0,1990,0,0,0,0,0,1,0.51648,0.081319,0.0021978,0,0,0,0.37143,0.028571,0.87692,0.44615,0,0.87692,0.44615,0.076923,0.73626,0.24176,0.021978,0.81538,0.34066,0.043956,0.81538,0.34066,0.043956,0,0,0.73626,0.24176,0.021978,0.2,0.81538,0.34066,0.043956
1,0,0,0,0,0,1,0,0,0,0,0,0,0,0,1,0,0,0,0,0,0,0,0,0,0,0,0,0,0,0,0,0,1991,0,0,0,0,0,1,0.51648,0.081319,0.0021978,0,0,0,0.37143,0.028571,0.87692,0.44615,0,0.87692,0.44615,0.076923,0.73626,0.24176,0.021978,0.81538,0.34066,0.043956,0.81538,0.34066,0.043956,0,0,0.73626,0.24176,0.021978,0.2,0.81538,0.34066,0.043956
1,0,0,0,0,0,1,0,0,0,0,0,0,0,0,0,1,0,0,0,0,0,0,0,0,0,0,0,0,0,0,0,0,1992,0,0,0,0,0,1,0.48929,0.071429,0.0017857,0.1875,0,0,0.48929,0.071429,0.85,0.4,0,0.85,0.4,0.0625,0.70536,0.21429,0.017857,0.85,0.4,0.0625,0.85,0.4,0.0625,0.1875,0,0.70536,0.21429,0.017857,0.1875,0.78571,0.30357,0.035714
0,1,0,0,0,0,1,0,0,0,0,0,0,0,0,0,0,1,0,0,0,0,0,0,0,0,0,0,0,0,0,0,0,1993,0,0,0,0,0,1,0.48929,0.071429,0.0017857,0.1875,0,0,0.48929,0.071429,0.85,0.4,0,0.85,0.4,0.0625,0.70536,0.21429,0.017857,0.85,0.4,0.0625,0.85,0.4,0.0625,0.1875,0,0.70536,0.21429,0.017857,0.1875,0.78571,0.30357,0.035714
1,0,0,0,0,0,1,0,0,0,0,0,0,0,0,0,0,0,1,0,0,0,0,0,0,0,0,0,0,0,0,0,0,1994,0,0,0,0,0,1,0.48929,0.071429,0.0017857,0.1875,0,0,0.48929,0.071429,0.85,0.4,0,0.85,0.4,0.0625,0.70536,0.21429,0.017857,0.85,0.4,0.0625,0.85,0.4,0.0625,0.1875,0,0.70536,0.21429,0.017857,0.1875,0.78571,0.30357,0.035714
0,2,0,0,0,0,1,0,0,0,0,0,0,0,0,0,0,0,0,1,0,0,0,0,0,0,0,0,0,0,0,0,0,1995,0,0,0,0,0,1,0.64951,0.17157,0.012255,0.31373,0,0,0.4424,0.056373,0.85294,0.41176,0.16667,0.85294,0.41176,0.068627,0.73039,0.2451,0.02451,0.85294,0.41176,0.068627,0.85294,0.41176,0.068627,0.31373,0,0.64951,0.17157,0.012255,0.16667,0.73039,0.2451,0.02451
0,2,0,0,0,0,1,0,0,0,0,0,0,0,0,0,0,0,0,0,1,0,0,0,0,0,0,0,0,0,0,0,0,1996,0,0,0,0,0,1,0.64951,0.17157,0.012255,0.31373,0,0,0.4424,0.056373,0.85294,0.41176,0.16667,0.85294,0.41176,0.068627,0.73039,0.2451,0.02451,0.85294,0.41176,0.068627,0.85294,0.41176,0.068627,0.31373,0,0.64951,0.17157,0.012255,0.16667,0.73039,0.2451,0.02451
1,0,0,0,0,0,1,0,0,0,0,0,0,0,0,0,0,0,0,0,0,1,0,0,0,0,0,0,0,0,0,0,0,1997,0,0,0,0,0,1,0.64951,0.17157,0.012255,0.31373,0,0,0.4424,0.056373,0.85294,0.41176,0.16667,0.85294,0.41176,0.068627,0.73039,0.2451,0.02451,0.85294,0.41176,0.068627,0.85294,0.41176,0.068627,0.31373,0,0.64951,0.17157,0.012255,0.16667,0.73039,0.2451,0.02451
0,1,0,0,0,0,1,0,0,0,0,0,0,0,0,0,0,0,0,0,0,0,1,0,0,0,0,0,0,0,0,0,0,1998,0,0,0,0,0,1,0.64951,0.17157,0.012255,0.31373,0,0,0.4424,0.056373,0.85294,0.41176,0.16667,0.85294,0.41176,0.068627,0.73039,0.2451,0.02451,0.85294,0.41176,0.068627,0.85294,0.41176,0.068627,0.31373,0,0.64951,0.17157,0.012255,0.16667,0.73039,0.2451,0.02451
0,1,0,0,0,0,1,0,0,0,0,0,0,0,0,0,0,0,0,0,0,0,0,1,0,0,0,0,0,0,0,0,0,1999,0,0,0,0,0,1,0.70485,0.22188,0.02064,0.42208,0.15789,0.15789,0.42208,0.050568,0.82972,0.37565,0.15789,0.82972,0.37565,0.057792,0.77296,0.29618,0.03612,0.82972,0.37565,0.057792,0.87616,0.4582,0.086687,0.29825,0,0.62435,0.1548,0.01032,0.29825,0.77296,0.29618,0.03612
1,0,0,0,0,0,1,0,0,0,0,0,0,0,0,0,0,0,0,0,0,0,0,0,1,0,0,0,0,0,0,0,0,2000,0,0,0,0,0,1,0.64951,0.17157,0.012255,0.4424,0.16667,0.16667,0.4424,0.056373,0.79779,0.32598,0.16667,0.85294,0.41176,0.068627,0.79779,0.32598,0.042892,0.85294,0.41176,0.068627,0.89706,0.5,0.10294,0.31373,0,0.64951,0.17157,0.012255,0.31373,0.79779,0.32598,0.042892
1,0,0,0,0,0,1,0,0,0,0,0,0,0,0,0,0,0,0,0,0,0,0,0,0,1,0,0,0,0,0,0,0,2001,0,0,0,0,0,1,0.67647,0.19118,0.014706,0.46471,0.17647,0.17647,0.46471,0.063235,0.82353,0.36029,0.17647,0.87647,0.45294,0.082353,0.75735,0.27206,0.029412,0.87647,0.45294,0.082353,0.91765,0.54706,0.12353,0.33088,0,0.57941,0.12059,0.0058824,0.33088,0.75735,0.27206,0.029412
0,1,0,0,0,0,1,0,0,0,0,0,0,0,0,0,0,0,0,0,0,0,0,0,0,0,1,0,0,0,0,0,0,2002,0,0,0,0,0,1,0.67647,0.19118,0.014706,0.46471,0.17647,0.17647,0.46471,0.063235,0.82353,0.36029,0.17647,0.87647,0.45294,0.082353,0.75735,0.27206,0.029412,0.87647,0.45294,0.082353,0.91765,0.54706,0.12353,0.33088,0,0.57941,0.12059,0.0058824,0.33088,0.75735,0.27206,0.029412
1,0,0,0,0,0,1,0,0,0,0,0,0,0,0,0,0,0,0,0,0,0,0,0,0,0,0,1,0,0,0,0,0,2003,0,0,0,0,0,1,0.67647,0.19118,0.014706,0.46471,0.17647,0.17647,0.46471,0.063235,0.82353,0.36029,0.17647,0.87647,0.45294,0.082353,0.75735,0.27206,0.029412,0.87647,0.45294,0.082353,0.91765,0.54706,0.12353,0.33088,0,0.57941,0.12059,0.0058824,0.33088,0.75735,0.27206,0.029412
0,1,0,0,0,0,1,0,0,0,0,0,0,0,0,0,0,0,0,0,0,0,0,0,0,0,0,0,1,0,0,0,0,2004,0,0,0,0,0,1,0.64951,0.17157,0.012255,0.55392,0.16667,0.16667,0.4424,0.056373,0.79779,0.32598,0.16667,0.85294,0.41176,0.068627,0.73039,0.2451,0.02451,0.85294,0.41176,0.068627,0.89706,0.5,0.10294,0.31373,0,0.55392,0.10784,0.004902,0.31373,0.73039,0.2451,0.02451
0,1,0,0,0,0,0,1,0,0,0,0,0,1,0,0,0,0,0,0,0,0,0,0,0,0,0,0,0,0,0,0,0,0,1989,0,0,0,0,1,0.84615,0.38462,0.054945,0,0.21429,0.21429,0.21429,0,0.67033,0.17582,0,0.94505,0.61538,0.15385,0.97253,0.72527,0.23077,0.97253,0.72527,0.23077,0.84615,0.38462,0.054945,0,0,0.90385,0.5,0.096154,0.3956,0.97253,0.72527,0.23077
1,0,0,0,0,0,0,1,0,0,0,0,0,0,1,0,0,0,0,0,0,0,0,0,0,0,0,0,0,0,0,0,0,0,1990,0,0,0,0,1,0.81538,0.34066,0.043956,0,0.2,0.2,0.2,0,0.63736,0.15385,0,0.92308,0.55385,0.12308,0.97802,0.75824,0.26374,0.95604,0.65934,0.18462,0.81538,0.34066,0.043956,0,0,0.87692,0.44615,0.076923,0.51648,0.97802,0.75824,0.26374
1,0,0,0,0,0,0,1,0,0,0,0,0,0,0,1,0,0,0,0,0,0,0,0,0,0,0,0,0,0,0,0,0,0,1991,0,0,0,0,1,0.78571,0.30357,0.035714,0,0.1875,0.1875,0.1875,0,0.60714,0.13571,0,0.9,0.5,0.1,0.98214,0.78571,0.29464,0.9375,0.6,0.15,0.85,0.4,0.0625,0,0,0.9,0.5,0.1,0.48929,0.98214,0.78571,0.29464
0,1,0,0,0,0,0,1,0,0,0,0,0,0,0,0,1,0,0,0,0,0,0,0,0,0,0,0,0,0,0,0,0,0,1992,0,0,0,0,1,0.75735,0.27206,0.029412,0,0.17647,0.17647,0.17647,0,0.57941,0.12059,0,0.91765,0.54706,0.12353,0.98529,0.80882,0.32353,0.91765,0.54706,0.12353,0.87647,0.45294,0.082353,0,0,0.91765,0.54706,0.12353,0.46471,0.98529,0.80882,0.32353
0,1,0,0,0,0,0,1,0,0,0,0,0,0,0,0,0,1,0,0,0,0,0,0,0,0,0,0,0,0,0,0,0,0,1993,0,0,0,0,1,0.75735,0.27206,0.029412,0,0.17647,0.17647,0.17647,0,0.57941,0.12059,0,0.91765,0.54706,0.12353,0.98529,0.80882,0.32353,0.91765,0.54706,0.12353,0.87647,0.45294,0.082353,0,0,0.91765,0.54706,0.12353,0.46471,0.98529,0.80882,0.32353
0,2,0,0,0,0,0,1,0,0,0,0,0,0,0,0,0,0,1,0,0,0,0,0,0,0,0,0,0,0,0,0,0,0,1994,0,0,0,0,1,0.79779,0.32598,0.042892,0.16667,0.16667,0.16667,0.16667,0,0.64951,0.17157,0,0.93137,0.58824,0.14706,0.98775,0.82843,0.35049,0.93137,0.58824,0.14706,0.89706,0.5,0.10294,0.16667,0,0.89706,0.5,0.10294,0.4424,0.97549,0.7549,0.26961
1,0,0,0,0,0,0,1,0,0,0,0,0,0,0,0,0,0,0,1,0,0,0,0,0,0,0,0,0,0,0,0,0,0,1995,0,0,0,0,1,0.79779,0.32598,0.042892,0.16667,0.16667,0.16667,0.16667,0,0.64951,0.17157,0,0.93137,0.58824,0.14706,0.98775,0.82843,0.35049,0.93137,0.58824,0.14706,0.89706,0.5,0.10294,0.16667,0,0.89706,0.5,0.10294,0.4424,0.97549,0.7549,0.26961
0,2,0,0,0,0,0,1,0,0,0,0,0,0,0,0,0,0,0,0,1,0,0,0,0,0,0,0,0,0,0,0,0,0,1996,0,0,0,0,1,0.79779,0.32598,0.042892,0.16667,0.16667,0.16667,0.16667,0,0.64951,0.17157,0,0.93137,0.58824,0.14706,0.98775,0.82843,0.35049,0.93137,0.58824,0.14706,0.89706,0.5,0.10294,0.16667,0,0.89706,0.5,0.10294,0.4424,0.97549,0.7549,0.26961
0,1,0,0,0,0,0,1,0,0,0,0,0,0,0,0,0,0,0,0,0,1,0,0,0,0,0,0,0,0,0,0,0,0,1997,0,0,0,0,1,0.79779,0.32598,0.042892,0.16667,0.16667,0.16667,0.16667,0,0.64951,0.17157,0,0.93137,0.58824,0.14706,0.98775,0.82843,0.35049,0.93137,0.58824,0.14706,0.89706,0.5,0.10294,0.16667,0,0.89706,0.5,0.10294,0.4424,0.97549,0.7549,0.26961
0,1,0,0,0,0,0,1,0,0,0,0,0,0,0,0,0,0,0,0,0,0,1,0,0,0,0,0,0,0,0,0,0,0,1998,0,0,0,0,1,0.85294,0.41176,0.068627,0.16667,0.16667,0.16667,0.16667,0,0.73039,0.2451,0,0.89706,0.5,0.10294,0.97549,0.7549,0.26961,0.93137,0.58824,0.14706,0.85294,0.41176,0.068627,0.16667,0,0.85294,0.41176,0.068627,0.4424,0.95711,0.67402,0.20221
1,0,0,0,0,0,0,1,0,0,0,0,0,0,0,0,0,0,0,0,0,0,0,1,0,0,0,0,0,0,0,0,0,0,1999,0,0,0,0,1,0.82353,0.36029,0.051471,0.17647,0.17647,0.17647,0.17647,0,0.67647,0.19118,0,0.91765,0.54706,0.12353,0.98529,0.80882,0.32353,0.91765,0.54706,0.12353,0.87647,0.45294,0.082353,0.17647,0,0.87647,0.45294,0.082353,0.46471,0.97059,0.72794,0.24265
1,0,0,0,0,0,0,1,0,0,0,0,0,0,0,0,0,0,0,0,0,0,0,0,1,0,0,0,0,0,0,0,0,0,2000,0,0,0,0,1,0.85294,0.41176,0.068627,0.16667,0.16667,0.16667,0.16667,0,0.64951,0.17157,0,0.93137,0.58824,0.14706,0.98775,0.82843,0.35049,0.93137,0.58824,0.14706,0.85294,0.41176,0.068627,0.16667,0,0.89706,0.5,0.10294,0.4424,0.97549,0.7549,0.26961
1,0,0,0,0,0,0,1,0,0,0,0,0,0,0,0,0,0,0,0,0,0,0,0,0,1,0,0,0,0,0,0,0,0,2001,0,0,0,0,1,0.83459,0.38797,0.063158,0.14286,0.14286,0.14286,0.14286,0,0.65789,0.18421,0,0.90977,0.53759,0.12406,0.98496,0.81579,0.34211,0.93684,0.61203,0.16541,0.78496,0.31579,0.042105,0.14286,0,0.83459,0.38797,0.063158,0.38647,0.93684,0.61203,0.16541
0,1,0,0,0,0,0,1,0,0,0,0,0,0,0,0,0,0,0,0,0,0,0,0,0,0,1,0,0,0,0,0,0,0,2002,0,0,0,0,1,0.70435,0.2313,0.024348,0.23,0.23,0.23,0.12,0,0.5787,0.13261,0,0.84174,0.40652,0.071739,0.96348,0.71304,0.24348,0.96348,0.71304,0.24348,0.80217,0.34565,0.052174,0.23,0.12,0.75652,0.28696,0.036522,0.33043,0.87565,0.4687,0.095652
1,0,0,0,0,0,0,1,0,0,0,0,0,0,0,0,0,0,0,0,0,0,0,0,0,0,0,1,0,0,0,0,0,0,2003,0,0,0,0,1,0.68615,0.21538,0.021538,0.22154,0.22154,0.22154,0.11538,0,0.56154,0.12308,0,0.825,0.38077,0.063462,0.95385,0.67692,0.21538,0.95385,0.67692,0.21538,0.78462,0.32308,0.046154,0.22154,0.11538,0.73846,0.26769,0.032308,0.31885,0.86,0.44,0.084615
0,1,0,0,0,0,0,1,0,0,0,0,0,0,0,0,0,0,0,0,0,0,0,0,0,0,0,0,1,0,0,0,0,0,2004,0,0,0,0,1,0.65201,0.18803,0.017094,0.20635,0.20635,0.20635,0.10714,0,0.52991,0.10684,0,0.79243,0.33578,0.050366,0.93284,0.6105,0.17094,0.93284,0.6105,0.17094,0.75092,0.28388,0.03663,0.20635,0.10714,0.70421,0.23443,0.025641,0.29792,0.82906,0.3895,0.067155
0,5,0,0,0,0,0,0,1,0,0,0,0,0,0,0,0,0,0,0,0,0,0,0,0,0,0,0,0,0,0,0,0,0,0,1987,0,0,0,1,0.80622,0.36328,0.061276,0.28384,0.34522,0.1498,0.28384,0.023416,0.60018,0.15593,0,0.89397,0.51975,0.12474,0.87526,0.48025,0.10603,0.85447,0.44086,0.089288,0.64154,0.18656,0.018054,0.1498,0.1498,0.67994,0.21906,0.024073,0.45727,0.85447,0.44086,0.089288
0,3,0,0,0,0,0,0,1,0,0,0,1,0,0,0,0,0,0,0,0,0,0,0,0,0,0,0,0,0,0,0,0,0,0,1988,0,0,0,1,0.79514,0.34818,0.05668,0.27733,0.33755,0.14615,0.27733,0.022267,0.58907,0.14879,0,0.88462,0.5,0.11538,0.86538,0.46154,0.098077,0.84413,0.42328,0.082591,0.63016,0.17814,0.0167,0.14615,0.14615,0.66842,0.20931,0.022267,0.49798,0.86538,0.46154,0.098077
0,3,0,0,0,0,0,0,1,0,0,0,0,1,0,0,0,0,0,0,0,0,0,0,0,0,0,0,0,0,0,0,0,0,0,1989,0,0,0,1,0.79514,0.34818,0.05668,0.33755,0.39433,0.14615,0.27733,0.022267,0.58907,0.14879,0,0.86538,0.46154,0.098077,0.84413,0.42328,0.082591,0.82075,0.38543,0.068826,0.66842,0.20931,0.022267,0.14615,0.14615,0.70395,0.24211,0.028947,0.44777,0.86538,0.46154,0.098077
0,6,0,0,0,0,0,0,1,0,0,0,0,0,1,0,0,0,0,0,0,0,0,0,0,0,0,0,0,0,0,0,0,0,0,1990,0,0,0,1,0.77352,0.32056,0.04878,0.32317,0.37805,0.13937,0.26516,0.020209,0.56794,0.13589,0,0.86585,0.46341,0.099303,0.86585,0.46341,0.099303,0.82369,0.39094,0.07108,0.64634,0.19164,0.019164,0.13937,0.13937,0.71463,0.25366,0.031707,0.47875,0.88415,0.5,0.11585
0,5,0,0,0,0,0,0,1,0,0,0,0,0,0,1,0,0,0,0,0,0,0,0,0,0,0,0,0,0,0,0,0,0,0,1991,0,0,0,1,0.77352,0.32056,0.04878,0.32317,0.37805,0.13937,0.32317,0.033101,0.56794,0.13589,0,0.84573,0.427,0.084408,0.84573,0.427,0.084408,0.79965,0.3554,0.059233,0.68171,0.22195,0.024913,0.13937,0.13937,0.68171,0.22195,0.024913,0.47875,0.86585,0.46341,0.099303
0,1,0,0,0,0,0,0,1,0,0,0,0,0,0,0,1,0,0,0,0,0,0,0,0,0,0,0,0,0,0,0,0,0,0,1992,0,0,0,1,0.77352,0.32056,0.04878,0.32317,0.37805,0.13937,0.32317,0.033101,0.56794,0.13589,0,0.84573,0.427,0.084408,0.84573,0.427,0.084408,0.79965,0.3554,0.059233,0.68171,0.22195,0.024913,0.13937,0.13937,0.68171,0.22195,0.024913,0.47875,0.86585,0.46341,0.099303
0,3,0,0,0,0,0,0,1,0,0,0,0,0,0,0,0,1,0,0,0,0,0,0,0,0,0,0,0,0,0,0,0,0,0,1993,0,0,0,1,0.78424,0.33396,0.052533,0.33021,0.38602,0.14268,0.33021,0.034709,0.57833,0.14212,0,0.85553,0.44381,0.090901,0.83386,0.40666,0.076548,0.78424,0.33396,0.052533,0.69268,0.23171,0.026829,0.14268,0.14268,0.65722,0.20019,0.020638,0.48818,0.85553,0.44381,0.090901
0,2,0,0,0,0,0,0,1,0,0,0,0,0,0,0,0,0,1,0,0,0,0,0,0,0,0,0,0,0,0,0,0,0,0,1994,0,0,0,1,0.79965,0.3554,0.059233,0.32317,0.37805,0.13937,0.32317,0.033101,0.56794,0.13589,0,0.86585,0.46341,0.099303,0.84573,0.427,0.084408,0.79965,0.3554,0.059233,0.68171,0.22195,0.024913,0.13937,0.13937,0.68171,0.22195,0.024913,0.47875,0.86585,0.46341,0.099303
0,3,0,0,0,0,0,0,1,0,0,0,0,0,0,0,0,0,0,1,0,0,0,0,0,0,0,0,0,0,0,0,0,0,0,1995,0,0,0,1,0.81013,0.36998,0.06379,0.33021,0.38602,0.14268,0.33021,0.034709,0.57833,0.14212,0,0.85553,0.44381,0.090901,0.83386,0.40666,0.076548,0.81013,0.36998,0.06379,0.69268,0.23171,0.026829,0.14268,0.14268,0.69268,0.23171,0.026829,0.43865,0.85553,0.44381,0.090901
0,3,0,0,0,0,0,0,1,0,0,0,0,0,0,0,0,0,0,0,1,0,0,0,0,0,0,0,0,0,0,0,0,0,0,1996,0,0,0,1,0.83386,0.40666,0.076548,0.33021,0.38602,0.14268,0.33021,0.034709,0.48818,0.091933,0.073171,0.89306,0.51876,0.12477,0.87523,0.48124,0.10694,0.81013,0.36998,0.06379,0.69268,0.23171,0.026829,0.14268,0.14268,0.72561,0.26463,0.034146,0.43865,0.87523,0.48124,0.10694
0,2,0,0,0,0,0,0,1,0,0,0,0,0,0,0,0,0,0,0,0,1,0,0,0,0,0,0,0,0,0,0,0,0,0,1997,0,0,0,1,0.84413,0.42328,0.082591,0.33755,0.39433,0.14615,0.33755,0.036437,0.49798,0.096356,0.075,0.90192,0.53846,0.13462,0.86538,0.46154,0.098077,0.82075,0.38543,0.068826,0.70395,0.24211,0.028947,0.14615,0.14615,0.70395,0.24211,0.028947,0.44777,0.86538,0.46154,0.098077
0,4,0,0,0,0,0,0,1,0,0,0,0,0,0,0,0,0,0,0,0,0,1,0,0,0,0,0,0,0,0,0,0,0,0,1998,0,0,0,1,0.87521,0.48213,0.10777,0.46965,0.37039,0.069767,0.42144,0.064095,0.46965,0.083948,0.19942,0.90763,0.55352,0.14351,0.87521,0.48213,0.10777,0.81363,0.37606,0.066121,0.67102,0.21279,0.023175,0.19942,0.069767,0.63577,0.18362,0.017827,0.46965,0.83599,0.41107,0.078519
0,2,0,0,0,0,0,0,1,0,0,0,0,0,0,0,0,0,0,0,0,0,0,1,0,0,0,0,0,0,0,0,0,0,0,1999,0,0,0,1,0.89147,0.51705,0.12481,0.45243,0.35595,0.066667,0.45243,0.076956,0.45243,0.076956,0.19098,0.90627,0.55109,0.14264,0.87519,0.48295,0.10853,0.81677,0.38161,0.068288,0.65046,0.19605,0.020155,0.19098,0.066667,0.65046,0.19605,0.020155,0.45243,0.83791,0.41508,0.080338
0,2,0,0,0,0,0,0,1,0,0,0,0,0,0,0,0,0,0,0,0,0,0,0,1,0,0,0,0,0,0,0,0,0,0,2000,0,0,0,1,0.9231,0.59528,0.16911,0.51226,0.42877,0.12234,0.47161,0.086031,0.42877,0.067993,0.23427,0.88298,0.5,0.11702,0.84968,0.43629,0.089038,0.83089,0.40472,0.076896,0.65402,0.19993,0.021045,0.23427,0.0625,0.62159,0.17438,0.016536,0.47161,0.81059,0.3735,0.065911
0,1,0,0,0,0,0,0,1,0,0,0,0,0,0,0,0,0,0,0,0,0,0,0,0,1,0,0,0,0,0,0,0,0,0,2001,0,0,0,1,0.92969,0.61332,0.18039,0.52081,0.43639,0.12488,0.47974,0.089547,0.43639,0.070799,0.23891,0.87518,0.48369,0.10922,0.85816,0.45113,0.094974,0.83965,0.41875,0.082023,0.66352,0.20765,0.022448,0.23891,0.06383,0.63096,0.18119,0.017638,0.43639,0.79796,0.35504,0.05976
0,2,0,0,0,0,0,0,1,0,0,0,0,0,0,0,0,0,0,0,0,0,0,0,0,0,1,0,0,0,0,0,0,0,0,2002,0,0,0,1,0.91641,0.57789,0.15876,0.50396,0.42141,0.1199,0.46374,0.082718,0.42141,0.065349,0.22981,0.85888,0.45316,0.096125,0.84124,0.42211,0.083587,0.84124,0.42211,0.083587,0.64476,0.19263,0.019757,0.22981,0.061224,0.61246,0.16793,0.015523,0.42141,0.77964,0.33104,0.052594
0,1,0,0,0,0,0,0,1,0,0,0,0,0,0,0,0,0,0,0,0,0,0,0,0,0,0,1,0,0,0,0,0,0,0,2003,0,0,0,1,0.90281,0.54497,0.14046,0.52557,0.48812,0.11529,0.44874,0.076639,0.40739,0.060504,0.22137,0.82454,0.39563,0.07395,0.80504,0.36639,0.063865,0.80504,0.36639,0.063865,0.62689,0.17916,0.017479,0.22137,0.058823,0.56115,0.13417,0.010564,0.40739,0.73801,0.28163,0.039184
0,3,0,0,0,0,0,0,1,0,0,0,0,0,0,0,0,0,0,0,0,0,0,0,0,0,0,0,1,0,0,0,0,0,0,2004,0,0,0,1,0.90281,0.54497,0.14046,0.52557,0.48812,0.11529,0.44874,0.076639,0.40739,0.060504,0.22137,0.82454,0.39563,0.07395,0.80504,0.36639,0.063866,0.80504,0.36639,0.063866,0.62689,0.17916,0.017479,0.22137,0.058823,0.56115,0.13417,0.010564,0.40739,0.73801,0.28163,0.039184
1,0,0,0,0,0,0,0,0,1,0,0,0,0,0,0,0,0,0,0,0,0,0,0,0,0,0,0,0,0,0,0,0,0,0,0,1987,0,0,1,0.87762,0.43706,0.06993,0.42308,0,0,0,0,0.42308,0.038461,0,0.98601,0.7972,0.29371,0.70629,0.2028,0.013986,0.87762,0.43706,0.06993,0.58042,0.10839,0.0034965,0.23077,0,0.96504,0.68531,0.1958,0.42308,0.98601,0.7972,0.29371
1,0,0,0,0,0,0,0,0,1,0,0,1,0,0,0,0,0,0,0,0,0,0,0,0,0,0,0,0,0,0,0,0,0,0,0,1988,0,0,1,0.81538,0.34066,0.043956,0.37143,0,0,0,0,0.37143,0.028571,0,0.97802,0.75824,0.26374,0.73626,0.24176,0.021978,0.92308,0.55385,0.12308,0.51648,0.081319,0.0021978,0.2,0,0.97802,0.75824,0.26374,0.37143,0.99121,0.84615,0.36264
1,0,0,0,0,0,0,0,0,1,0,0,0,1,0,0,0,0,0,0,0,0,0,0,0,0,0,0,0,0,0,0,0,0,0,0,1989,0,0,1,0.81538,0.34066,0.043956,0.37143,0,0,0,0,0.37143,0.028571,0,0.97802,0.75824,0.26374,0.73626,0.24176,0.021978,0.92308,0.55385,0.12308,0.51648,0.081319,0.0021978,0.2,0,0.97802,0.75824,0.26374,0.37143,0.99121,0.84615,0.36264
1,0,0,0,0,0,0,0,0,1,0,0,0,0,1,0,0,0,0,0,0,0,0,0,0,0,0,0,0,0,0,0,0,0,0,0,1990,0,0,1,0.76923,0.27473,0.027473,0.3956,0,0,0,0,0.3956,0.032967,0,0.97253,0.72527,0.23077,0.76923,0.27473,0.027473,0.94505,0.61538,0.15385,0.3956,0.032967,0,0.21429,0,0.97253,0.72527,0.23077,0.3956,0.98901,0.82418,0.32967
1,0,0,0,0,0,0,0,0,1,0,0,0,0,0,1,0,0,0,0,0,0,0,0,0,0,0,0,0,0,0,0,0,0,0,0,1991,0,0,1,0.76923,0.27473,0.027473,0.3956,0,0,0,0,0.3956,0.032967,0,0.97253,0.72527,0.23077,0.76923,0.27473,0.027473,0.94505,0.61538,0.15385,0.3956,0.032967,0,0.21429,0,0.97253,0.72527,0.23077,0.3956,0.98901,0.82418,0.32967
1,0,0,0,0,0,0,0,0,1,0,0,0,0,0,0,1,0,0,0,0,0,0,0,0,0,0,0,0,0,0,0,0,0,0,0,1992,0,0,1,0.73626,0.24176,0.021978,0.37143,0,0,0,0,0.51648,0.081319,0,0.95604,0.65934,0.18462,0.73626,0.24176,0.021978,0.92308,0.55385,0.12308,0.37143,0.028571,0,0.2,0,0.95604,0.65934,0.18462,0.37143,0.97802,0.75824,0.26374
1,0,0,0,0,0,0,0,0,1,0,0,0,0,0,0,0,1,0,0,0,0,0,0,0,0,0,0,0,0,0,0,0,0,0,0,1993,0,0,1,0.73626,0.24176,0.021978,0.37143,0,0,0,0,0.51648,0.081319,0,0.95604,0.65934,0.18462,0.73626,0.24176,0.021978,0.92308,0.55385,0.12308,0.37143,0.028571,0,0.2,0,0.95604,0.65934,0.18462,0.37143,0.97802,0.75824,0.26374
1,0,0,0,0,0,0,0,0,1,0,0,0,0,0,0,0,0,1,0,0,0,0,0,0,0,0,0,0,0,0,0,0,0,0,0,1994,0,0,1,0.78571,0.30357,0.035714,0.35,0,0,0,0,0.60714,0.13571,0,0.96429,0.69643,0.21429,0.78571,0.30357,0.035714,0.9375,0.6,0.15,0.35,0.025,0,0.1875,0,0.9375,0.6,0.15,0.35,0.96429,0.69643,0.21429
0,1,0,0,0,0,0,0,0,1,0,0,0,0,0,0,0,0,0,1,0,0,0,0,0,0,0,0,0,0,0,0,0,0,0,0,1995,0,0,1,0.87616,0.4582,0.086687,0.42208,0.15789,0,0,0,0.70485,0.22188,0.15789,0.96388,0.70382,0.22704,0.82972,0.37565,0.057792,0.94221,0.62435,0.17028,0.29825,0.017544,0,0.29825,0,0.87616,0.4582,0.086687,0.29825,0.91331,0.5418,0.12384
0,1,0,0,0,0,0,0,0,1,0,0,0,0,0,0,0,0,0,0,1,0,0,0,0,0,0,0,0,0,0,0,0,0,0,0,1996,0,0,1,0.87616,0.4582,0.086687,0.42208,0.15789,0,0,0,0.70485,0.22188,0.15789,0.96388,0.70382,0.22704,0.82972,0.37565,0.057792,0.94221,0.62435,0.17028,0.29825,0.017544,0,0.29825,0,0.87616,0.4582,0.086687,0.29825,0.91331,0.5418,0.12384
1,0,0,0,0,0,0,0,0,1,0,0,0,0,0,0,0,0,0,0,0,1,0,0,0,0,0,0,0,0,0,0,0,0,0,0,1997,0,0,1,0.85294,0.41176,0.068627,0.4424,0.16667,0,0,0,0.73039,0.2451,0.16667,0.97549,0.7549,0.26961,0.85294,0.41176,0.068627,0.95711,0.67402,0.20221,0.31373,0.019608,0,0.31373,0,0.85294,0.41176,0.068627,0.31373,0.89706,0.5,0.10294
1,0,0,0,0,0,0,0,0,1,0,0,0,0,0,0,0,0,0,0,0,0,1,0,0,0,0,0,0,0,0,0,0,0,0,0,1998,0,0,1,0.85294,0.41176,0.068627,0.4424,0.16667,0,0,0,0.73039,0.2451,0.16667,0.97549,0.7549,0.26961,0.85294,0.41176,0.068627,0.95711,0.67402,0.20221,0.31373,0.019608,0,0.31373,0,0.85294,0.41176,0.068627,0.31373,0.89706,0.5,0.10294
1,0,0,0,0,0,0,0,0,1,0,0,0,0,0,0,0,0,0,0,0,0,0,1,0,0,0,0,0,0,0,0,0,0,0,0,1999,0,0,1,0.82353,0.36029,0.051471,0.46471,0.17647,0,0,0,0.75735,0.27206,0.17647,0.97059,0.72794,0.24265,0.82353,0.36029,0.051471,0.97059,0.72794,0.24265,0.33088,0.022059,0,0.33088,0,0.82353,0.36029,0.051471,0.33088,0.87647,0.45294,0.082353
1,0,0,0,0,0,0,0,0,1,0,0,0,0,0,0,0,0,0,0,0,0,0,0,1,0,0,0,0,0,0,0,0,0,0,0,2000,0,0,1,0.82353,0.36029,0.051471,0.46471,0.17647,0,0,0,0.75735,0.27206,0.17647,0.97059,0.72794,0.24265,0.82353,0.36029,0.051471,0.97059,0.72794,0.24265,0.33088,0.022059,0,0.33088,0,0.82353,0.36029,0.051471,0.33088,0.87647,0.45294,0.082353
1,0,0,0,0,0,0,0,0,1,0,0,0,0,0,0,0,0,0,0,0,0,0,0,0,1,0,0,0,0,0,0,0,0,0,0,2001,0,0,1,0.74912,0.27018,0.030702,0.60088,0.40351,0.15,0,0,0.6807,0.20175,0.15,0.92632,0.57895,0.14474,0.85526,0.42105,0.073684,0.9693,0.72982,0.25088,0.50877,0.087719,0.0035088,0.50877,0.15,0.74912,0.27018,0.030702,0.28421,0.80702,0.34386,0.049123
1,0,0,0,0,0,0,0,0,1,0,0,0,0,0,0,0,0,0,0,0,0,0,0,0,0,1,0,0,0,0,0,0,0,0,0,2002,0,0,1,0.70455,0.22727,0.022727,0.55844,0.37078,0.13636,0,0,0.63636,0.16883,0.13636,0.89286,0.5,0.10714,0.89286,0.5,0.10714,0.96364,0.70909,0.23636,0.47013,0.072727,0.0025974,0.47013,0.13636,0.70455,0.22727,0.022727,0.25974,0.76364,0.29091,0.036364
1,0,0,0,0,0,0,0,0,1,0,0,0,0,0,0,0,0,0,0,0,0,0,0,0,0,0,1,0,0,0,0,0,0,0,0,2003,0,0,1,0.68379,0.20949,0.019763,0.53924,0.3563,0.13043,0,0,0.61604,0.15528,0.13043,0.87578,0.46584,0.093168,0.87578,0.46584,0.093168,0.96838,0.73123,0.25692,0.45285,0.066629,0.0022586,0.45285,0.13043,0.68379,0.20949,0.019763,0.24901,0.74308,0.26877,0.031621
1,0,0,0,0,0,0,0,0,1,0,0,0,0,0,0,0,0,0,0,0,0,0,0,0,0,0,0,1,0,0,0,0,0,0,0,2004,0,0,1,0.68379,0.20949,0.019763,0.53924,0.3563,0.13043,0,0,0.61604,0.15528,0.13043,0.87578,0.46584,0.093168,0.87578,0.46584,0.093168,0.96838,0.73123,0.25692,0.45285,0.066629,0.0022586,0.45285,0.13043,0.68379,0.20949,0.019763,0.24901,0.74308,0.26877,0.031621
0,1,0,0,0,0,0,0,0,0,1,0,0,0,0,0,0,0,0,0,0,0,0,0,0,0,0,0,0,0,0,0,0,0,0,0,0,1987,0,1,0.93137,0.58824,0.14706,0.16667,0.16667,0.16667,0.16667,0,0.16667,0,0,0.79779,0.32598,0.042892,0.64951,0.17157,0.012255,0.79779,0.32598,0.042892,0.79779,0.32598,0.042892,0,0,1,0.98039,0.68627,0,1,0.98039,0.68627
0,1,0,0,0,0,0,0,0,0,1,0,1,0,0,0,0,0,0,0,0,0,0,0,0,0,0,0,0,0,0,0,0,0,0,0,0,1988,0,1,0.89706,0.5,0.10294,0.16667,0.16667,0.16667,0.16667,0,0.16667,0,0,0.79779,0.32598,0.042892,0.64951,0.17157,0.012255,0.79779,0.32598,0.042892,0.79779,0.32598,0.042892,0,0,1,0.98039,0.68627,0,1,0.98039,0.68627
0,1,0,0,0,0,0,0,0,0,1,0,0,1,0,0,0,0,0,0,0,0,0,0,0,0,0,0,0,0,0,0,0,0,0,0,0,1989,0,1,0.89706,0.5,0.10294,0.16667,0.16667,0.16667,0.16667,0,0.16667,0,0,0.79779,0.32598,0.042892,0.64951,0.17157,0.012255,0.79779,0.32598,0.042892,0.79779,0.32598,0.042892,0,0,1,0.98039,0.68627,0,1,0.98039,0.68627
0,1,0,0,0,0,0,0,0,0,1,0,0,0,1,0,0,0,0,0,0,0,0,0,0,0,0,0,0,0,0,0,0,0,0,0,0,1990,0,1,0.82972,0.37565,0.057792,0.15789,0.15789,0.15789,0.15789,0,0.15789,0,0,0.77296,0.29618,0.03612,0.70485,0.22188,0.02064,0.70485,0.22188,0.02064,0.82972,0.37565,0.057792,0,0,1,0.98246,0.70175,0,1,0.98246,0.70175
0,1,0,0,0,0,0,0,0,0,1,0,0,0,0,1,0,0,0,0,0,0,0,0,0,0,0,0,0,0,0,0,0,0,0,0,0,1991,0,1,0.82972,0.37565,0.057792,0.15789,0.15789,0.15789,0.15789,0,0.15789,0,0,0.77296,0.29618,0.03612,0.70485,0.22188,0.02064,0.70485,0.22188,0.02064,0.82972,0.37565,0.057792,0,0,1,0.98246,0.70175,0,1,0.98246,0.70175
0,2,0,0,0,0,0,0,0,0,1,0,0,0,0,0,1,0,0,0,0,0,0,0,0,0,0,0,0,0,0,0,0,0,0,0,0,1992,0,1,0.78496,0.31579,0.042105,0.27143,0.14286,0.14286,0.14286,0,0.14286,0,0,0.83459,0.38797,0.063158,0.78496,0.31579,0.042105,0.72632,0.24737,0.026316,0.83459,0.38797,0.063158,0.14286,0,1,0.98571,0.72857,0,1,0.98571,0.72857
0,1,0,0,0,0,0,0,0,0,1,0,0,0,0,0,0,1,0,0,0,0,0,0,0,0,0,0,0,0,0,0,0,0,0,0,0,1993,0,1,0.78496,0.31579,0.042105,0.27143,0.14286,0.14286,0.14286,0,0.14286,0,0,0.83459,0.38797,0.063158,0.78496,0.31579,0.042105,0.72632,0.24737,0.026316,0.83459,0.38797,0.063158,0.14286,0,1,0.98571,0.72857,0,1,0.98571,0.72857
1,0,0,0,0,0,0,0,0,0,1,0,0,0,0,0,0,0,1,0,0,0,0,0,0,0,0,0,0,0,0,0,0,0,0,0,0,1994,0,1,0.83459,0.38797,0.063158,0.38647,0.14286,0.14286,0.14286,0,0.27143,0.014286,0,0.83459,0.38797,0.063158,0.78496,0.31579,0.042105,0.78496,0.31579,0.042105,0.83459,0.38797,0.063158,0.27143,0,0.99925,0.95865,0.61353,0,0.99925,0.95865,0.61353
1,0,0,0,0,0,0,0,0,0,1,0,0,0,0,0,0,0,0,1,0,0,0,0,0,0,0,0,0,0,0,0,0,0,0,0,0,1995,0,1,0.83459,0.38797,0.063158,0.38647,0.14286,0.14286,0.14286,0,0.27143,0.014286,0,0.83459,0.38797,0.063158,0.78496,0.31579,0.042105,0.78496,0.31579,0.042105,0.83459,0.38797,0.063158,0.27143,0,0.99925,0.95865,0.61353,0,0.99925,0.95865,0.61353
0,2,0,0,0,0,0,0,0,0,1,0,0,0,0,0,0,0,0,0,1,0,0,0,0,0,0,0,0,0,0,0,0,0,0,0,0,1996,0,1,0.83459,0.38797,0.063158,0.38647,0.14286,0.14286,0.14286,0,0.27143,0.014286,0,0.83459,0.38797,0.063158,0.78496,0.31579,0.042105,0.78496,0.31579,0.042105,0.83459,0.38797,0.063158,0.27143,0,0.99925,0.95865,0.61353,0,0.99925,0.95865,0.61353
0,1,0,0,0,0,0,0,0,0,1,0,0,0,0,0,0,0,0,0,0,1,0,0,0,0,0,0,0,0,0,0,0,0,0,0,0,1997,0,1,0.89286,0.5,0.10714,0.47013,0.13636,0.13636,0.25974,0.012987,0.25974,0.012987,0,0.81429,0.35844,0.054545,0.81429,0.35844,0.054545,0.76364,0.29091,0.036364,0.89286,0.5,0.10714,0.25974,0,0.9974,0.92727,0.52987,0,0.9974,0.92727,0.52987
0,1,0,0,0,0,0,0,0,0,1,0,0,0,0,0,0,0,0,0,0,0,1,0,0,0,0,0,0,0,0,0,0,0,0,0,0,1998,0,1,0.89286,0.5,0.10714,0.47013,0.13636,0.13636,0.25974,0.012987,0.25974,0.012987,0,0.81429,0.35844,0.054545,0.81429,0.35844,0.054545,0.76364,0.29091,0.036364,0.89286,0.5,0.10714,0.25974,0,0.9974,0.92727,0.52987,0,0.9974,0.92727,0.52987
0,1,0,0,0,0,0,0,0,0,1,0,0,0,0,0,0,0,0,0,0,0,0,1,0,0,0,0,0,0,0,0,0,0,0,0,0,1999,0,1,0.92208,0.57143,0.14286,0.47013,0.25974,0.25974,0.25974,0.012987,0.37078,0.037662,0,0.81429,0.35844,0.054545,0.81429,0.35844,0.054545,0.76364,0.29091,0.036364,0.89286,0.5,0.10714,0.25974,0,0.99351,0.88312,0.44156,0,0.99351,0.88312,0.44156
1,0,0,0,0,0,0,0,0,0,1,0,0,0,0,0,0,0,0,0,0,0,0,0,1,0,0,0,0,0,0,0,0,0,0,0,0,2000,0,1,0.87616,0.4582,0.086687,0.53044,0.15789,0.15789,0.29825,0.017544,0.42208,0.050568,0,0.77296,0.29618,0.03612,0.82972,0.37565,0.057792,0.77296,0.29618,0.03612,0.87616,0.4582,0.086687,0.29825,0,0.98968,0.8452,0.37565,0,0.98968,0.8452,0.37565
1,0,0,0,0,0,0,0,0,0,1,0,0,0,0,0,0,0,0,0,0,0,0,0,0,1,0,0,0,0,0,0,0,0,0,0,0,2001,0,1,0.87616,0.4582,0.086687,0.53044,0.15789,0.15789,0.29825,0.017544,0.42208,0.050568,0,0.77296,0.29618,0.03612,0.82972,0.37565,0.057792,0.77296,0.29618,0.03612,0.87616,0.4582,0.086687,0.29825,0,0.98968,0.8452,0.37565,0,0.98968,0.8452,0.37565
1,0,0,0,0,0,0,0,0,0,1,0,0,0,0,0,0,0,0,0,0,0,0,0,0,0,1,0,0,0,0,0,0,0,0,0,0,2002,0,1,0.85294,0.41176,0.068627,0.55392,0.16667,0.16667,0.31373,0.019608,0.4424,0.056372,0,0.79779,0.32598,0.042892,0.85294,0.41176,0.068627,0.73039,0.2451,0.02451,0.85294,0.41176,0.068627,0.31373,0,0.98775,0.82843,0.35049,0,0.98775,0.82843,0.35049
1,0,0,0,0,0,0,0,0,0,1,0,0,0,0,0,0,0,0,0,0,0,0,0,0,0,0,1,0,0,0,0,0,0,0,0,0,2003,0,1,0.85294,0.41176,0.068627,0.55392,0.16667,0.16667,0.31373,0.019608,0.4424,0.056372,0,0.79779,0.32598,0.042892,0.85294,0.41176,0.068627,0.73039,0.2451,0.02451,0.85294,0.41176,0.068627,0.31373,0,0.98775,0.82843,0.35049,0,0.98775,0.82843,0.35049
0,1,0,0,0,0,0,0,0,0,1,0,0,0,0,0,0,0,0,0,0,0,0,0,0,0,0,0,1,0,0,0,0,0,0,0,0,2004,0,1,0.82972,0.37565,0.057792,0.53044,0.15789,0.15789,0.29825,0.017544,0.42208,0.050568,0,0.77296,0.29618,0.03612,0.87616,0.4582,0.086687,0.70485,0.22188,0.02064,0.82972,0.37565,0.057792,0.29825,0,0.97936,0.77812,0.29515,0,0.97936,0.77812,0.29515
1,0,0,0,0,0,0,0,0,0,0,1,0,0,0,0,0,0,0,0,0,0,0,0,0,0,0,0,0,0,0,0,0,0,0,0,0,0,1987,1,0.87647,0.45294,0.082353,0.33088,0.33088,0.33088,0.67647,0.19118,0.46471,0.063235,0,0.17647,0,0,0.46471,0.063235,0.0014706,0.46471,0.063235,0.0014706,0.46471,0.063235,0.0014706,0,0.17647,0.57941,0.12059,0.0058824,0.46471,0.82353,0.36029,0.051471
0,1,0,0,0,0,0,0,0,0,0,1,1,0,0,0,0,0,0,0,0,0,0,0,0,0,0,0,0,0,0,0,0,0,0,0,0,0,1988,1,0.85,0.4,0.0625,0.35,0.35,0.35,0.70536,0.21429,0.48929,0.071429,0,0.1875,0,0,0.48929,0.071429,0.0017857,0.48929,0.071429,0.0017857,0.48929,0.071429,0.0017857,0,0.1875,0.48929,0.071429,0.0017857,0.48929,0.78571,0.30357,0.035714
1,0,0,0,0,0,0,0,0,0,0,1,0,1,0,0,0,0,0,0,0,0,0,0,0,0,0,0,0,0,0,0,0,0,0,0,0,0,1989,1,0.84615,0.38462,0.054945,0.3956,0.3956,0.3956,0.76923,0.27473,0.3956,0.032967,0,0.21429,0,0,0.5467,0.093407,0.0027473,0.5467,0.093407,0.0027473,0.3956,0.032967,0,0,0.21429,0.5467,0.093407,0.0027473,0.3956,0.76923,0.27473,0.027473
0,1,0,0,0,0,0,0,0,0,0,1,0,0,1,0,0,0,0,0,0,0,0,0,0,0,0,0,0,0,0,0,0,0,0,0,0,0,1990,1,0.78571,0.30357,0.035714,0.48929,0.48929,0.48929,0.70536,0.21429,0.70536,0.21429,0,0,0,0,0.48929,0.071429,0.0017857,0.60714,0.13571,0.0071429,0.48929,0.071429,0.0017857,0.1875,0.1875,0.48929,0.071429,0.0017857,0.1875,0.60714,0.13571,0.0071429
1,0,0,0,0,0,0,0,0,0,0,1,0,0,0,1,0,0,0,0,0,0,0,0,0,0,0,0,0,0,0,0,0,0,0,0,0,0,1991,1,0.81538,0.34066,0.043956,0.51648,0.51648,0.51648,0.73626,0.24176,0.63736,0.15385,0,0,0,0,0.51648,0.081319,0.0021978,0.63736,0.15385,0.0087912,0.51648,0.081319,0.0021978,0.2,0.2,0.51648,0.081319,0.0021978,0.2,0.63736,0.15385,0.0087912
0,2,0,0,0,0,0,0,0,0,0,1,0,0,0,0,1,0,0,0,0,0,0,0,0,0,0,0,0,0,0,0,0,0,0,0,0,0,1992,1,0.84615,0.38462,0.054945,0.5467,0.3956,0.3956,0.76923,0.27473,0.5467,0.093407,0,0,0,0,0.5467,0.093407,0.0027473,0.67033,0.17582,0.010989,0.5467,0.093407,0.0027473,0.21429,0.21429,0.5467,0.093407,0.0027473,0.21429,0.67033,0.17582,0.010989
1,0,0,0,0,0,0,0,0,0,0,1,0,0,0,0,0,1,0,0,0,0,0,0,0,0,0,0,0,0,0,0,0,0,0,0,0,0,1993,1,0.84615,0.38462,0.054945,0.5467,0.3956,0.3956,0.76923,0.27473,0.5467,0.093407,0,0,0,0,0.5467,0.093407,0.0027473,0.67033,0.17582,0.010989,0.5467,0.093407,0.0027473,0.21429,0.21429,0.5467,0.093407,0.0027473,0.21429,0.67033,0.17582,0.010989
0,1,0,0,0,0,0,0,0,0,0,1,0,0,0,0,0,0,1,0,0,0,0,0,0,0,0,0,0,0,0,0,0,0,0,0,0,0,1994,1,0.84615,0.38462,0.054945,0.5467,0.5467,0.5467,0.67033,0.17582,0.5467,0.093407,0,0,0,0,0.67033,0.17582,0.010989,0.67033,0.17582,0.010989,0.5467,0.093407,0.0027473,0.21429,0.21429,0.67033,0.17582,0.010989,0.21429,0.76923,0.27473,0.027473
1,0,0,0,0,0,0,0,0,0,0,1,0,0,0,0,0,0,0,1,0,0,0,0,0,0,0,0,0,0,0,0,0,0,0,0,0,0,1995,1,0.8042,0.31469,0.034965,0.58042,0.58042,0.58042,0.58042,0.10839,0.58042,0.10839,0,0,0,0,0.58042,0.10839,0.0034965,0.70629,0.2028,0.013986,0.58042,0.10839,0.0034965,0.23077,0.23077,0.70629,0.2028,0.013986,0.23077,0.8042,0.31469,0.034965
1,0,0,0,0,0,0,0,0,0,0,1,0,0,0,0,0,0,0,0,1,0,0,0,0,0,0,0,0,0,0,0,0,0,0,0,0,0,1996,1,0.84091,0.36364,0.045454,0.61818,0.61818,0.61818,0.61818,0.12727,0.61818,0.12727,0,0,0,0,0.45455,0.045454,0,0.61818,0.12727,0.0045455,0.61818,0.12727,0.0045455,0.25,0.25,0.61818,0.12727,0.0045455,0.25,0.74545,0.23636,0.018182
1,0,0,0,0,0,0,0,0,0,0,1,0,0,0,0,0,0,0,0,0,1,0,0,0,0,0,0,0,0,0,0,0,0,0,0,0,0,1997,1,0.87762,0.43706,0.06993,0.58042,0.58042,0.58042,0.58042,0.10839,0.58042,0.10839,0.23077,0,0,0,0.42308,0.038461,0,0.58042,0.10839,0.0034965,0.58042,0.10839,0.0034965,0.23077,0.23077,0.58042,0.10839,0.0034965,0.23077,0.70629,0.2028,0.013986
1,0,0,0,0,0,0,0,0,0,0,1,0,0,0,0,0,0,0,0,0,0,1,0,0,0,0,0,0,0,0,0,0,0,0,0,0,0,1998,1,0.87762,0.43706,0.06993,0.58042,0.58042,0.58042,0.58042,0.10839,0.58042,0.10839,0.23077,0,0,0,0.42308,0.038461,0,0.58042,0.10839,0.0034965,0.58042,0.10839,0.0034965,0.23077,0.23077,0.58042,0.10839,0.0034965,0.23077,0.70629,0.2028,0.013986
0,2,0,0,0,0,0,0,0,0,0,1,0,0,0,0,0,0,0,0,0,0,0,1,0,0,0,0,0,0,0,0,0,0,0,0,0,0,1999,1,0.84091,0.36364,0.045454,0.61818,0.45455,0.45455,0.61818,0.12727,0.61818,0.12727,0.25,0,0,0,0.45455,0.045454,0,0.61818,0.12727,0.0045455,0.45455,0.045454,0,0.25,0.25,0.45455,0.045454,0,0.25,0.61818,0.12727,0.0045455
1,0,0,0,0,0,0,0,0,0,0,1,0,0,0,0,0,0,0,0,0,0,0,0,1,0,0,0,0,0,0,0,0,0,0,0,0,0,2000,1,0.78788,0.27879,0.024242,0.49091,0.49091,0.49091,0.66061,0.15152,0.66061,0.15152,0.27273,0,0,0,0.49091,0.054546,0,0.66061,0.15152,0.0060606,0.49091,0.054546,0,0.27273,0.27273,0.49091,0.054546,0,0.27273,0.66061,0.15152,0.0060606
0,1,0,0,0,0,0,0,0,0,0,1,0,0,0,0,0,0,0,0,0,0,0,0,0,1,0,0,0,0,0,0,0,0,0,0,0,0,2001,1,0.78788,0.27879,0.024242,0.49091,0.49091,0.49091,0.66061,0.15152,0.66061,0.15152,0.27273,0,0,0,0.49091,0.054546,0,0.66061,0.15152,0.0060606,0.49091,0.054546,0,0.27273,0.27273,0.49091,0.054546,0,0.27273,0.66061,0.15152,0.0060606
0,1,0,0,0,0,0,0,0,0,0,1,0,0,0,0,0,0,0,0,0,0,0,0,0,0,1,0,0,0,0,0,0,0,0,0,0,0,2002,1,0.78788,0.27879,0.024242,0.49091,0.49091,0.49091,0.66061,0.15152,0.66061,0.15152,0.27273,0,0,0,0.49091,0.054546,0,0.66061,0.15152,0.0060606,0.49091,0.054546,0,0.27273,0.27273,0.49091,0.054546,0,0.27273,0.66061,0.15152,0.0060606
1,0,0,0,0,0,0,0,0,0,0,1,0,0,0,0,0,0,0,0,0,0,0,0,0,0,0,1,0,0,0,0,0,0,0,0,0,0,2003,1,0.74545,0.23636,0.018182,0.45455,0.45455,0.45455,0.61818,0.12727,0.61818,0.12727,0.25,0,0,0,0.45455,0.045454,0,0.61818,0.12727,0.0045455,0.45455,0.045454,0,0.25,0.25,0.45455,0.045454,0,0.25,0.61818,0.12727,0.0045455
1,0,0,0,0,0,0,0,0,0,0,1,0,0,0,0,0,0,0,0,0,0,0,0,0,0,0,0,1,0,0,0,0,0,0,0,0,0,2004,1,0.74545,0.23636,0.018182,0.45455,0.45455,0.45455,0.61818,0.12727,0.61818,0.12727,0.25,0,0,0,0.45455,0.045454,0,0.61818,0.12727,0.0045455,0.45455,0.045454,0,0.25,0.25,0.45455,0.045454,0,0.25,0.61818,0.12727,0.0045455
